886846
886847
886848
886849
886854
886855
886856
886857
886858
887144
887146
887148
887150
887152
887154
887156
887164
887165
887166
887167
887168
887170
887171
887172
887173
887174
887175
887176
887177
887178
887179
887198
887500
887501
887502
887503
887504
887505
887506
887507
887508
887509
887512
887513
887514
887515
887516
887517
887518
887519
887520
887521
887522
887523
887524
887525
887526
887527
887528
887529
887530
887531
887532
887533
887534
887535
887841
887842
887843
887844
887845
887846
887847
887848
887849
887850
887851
887852
887853
887854
887855
887856
887857
887858
887859
887860
887861
887862
887863
887864
888847
888848
888849
888850
888851
888852
888853
888854
888855
888856
888857
888858
888859
888860
888861
888862
888863
888864
888865
888866
888867
888868
888869
888870
892154
892155
892156
892157
892158
892159
892160
