856735
856736
856737
856738
856739
856740
856741
856742
856743
856744
856745
856746
856747
856748
856749
856750
856751
856752
856753
856754
856755
856756
856757
856758
856759
856760
856761
856762
856763
856764
856765
856766
856767
856768
856769
856770
856771
856772
856773
856774
856775
856776
856777
856778
856779
856780
856781
856782
856783
856784
856785
856786
856787
856788
856789
856790
856791
856792
856793
856794
856795
856796
856797
856798
856799
856800
856801
856802
856803
856804
856805
856806
856807
856808
856809
856810
856811
856812
856813
856814
