886846
886847
886848
886849
886850
886851
886852
886853
886854
886855
886856
886857
886858
886859
886860
886861
886862
886863
886864
886865
886866
886867
886868
886869
886870
886871
886872
886873
886874
886875
886876
886877
886878
886879
886880
886881
886882
886883
886884
886885
886886
886887
886888
886889
886890
886891
887144
887145
887146
887147
887148
887149
887150
887151
887152
887153
887154
887155
887156
887157
887158
887159
887160
887161
887162
887163
887164
887165
887166
887167
887168
887169
887170
887171
887172
887173
887174
887175
887176
887177
887178
887179
887180
887181
887182
887183
887184
887185
887186
887187
887188
887189
887190
887191
887192
887193
887194
887195
887196
887197
887198
887199
887200
887201
887202
887203
887204
887205
887206
887207
887208
887209
887210
887211
887212
887213
887214
887215
887216
887500
887501
887502
887503
887504
887505
887506
887507
887508
887509
887510
887511
887512
887513
887514
887515
887516
887517
887518
887519
887520
887521
887522
887523
887524
887525
887526
887527
887528
887529
887530
887531
887532
887533
887534
887535
887536
887537
887538
887539
887540
887541
887542
887543
887544
887545
887546
887547
887548
887549
887550
887551
887552
887553
887554
887555
887556
887557
887558
887559
887560
887561
887562
887563
887564
887565
887566
887567
887568
887569
887570
887571
887572
887573
887574
887575
887576
887577
887578
887579
887580
887581
887582
887583
887841
887842
887843
887844
887845
887846
887847
887848
887849
887850
887851
887852
887853
887854
887855
887856
887857
887858
887859
887860
887861
887862
887863
887864
887865
887866
887867
887868
887869
887870
887871
887872
887873
887874
887875
887876
887877
887878
887879
887880
887881
887882
887883
887884
887885
887886
887887
887888
887889
887890
887891
887892
887893
887894
887895
887896
887897
887898
887899
887900
888846
888847
888848
888849
888850
888851
888852
888853
888854
888855
888856
888857
888858
888859
888860
888861
888862
888863
888864
888865
888866
888867
888868
888869
888870
888871
888872
888873
888874
888875
888876
888877
888878
888879
888880
888881
888882
888883
888884
888885
888886
888887
888888
888889
888890
888891
888892
888893
888894
888895
888896
888897
888898
888899
888900
888901
888902
888903
888904
888905
888906
888907
888908
888909
888910
888911
888912
888913
888914
888915
888916
888917
