879946
879947
879948
879949
879950
879951
879952
879953
879954
879955
879956
879957
879958
879959
879960
879961
879962
879963
879964
879965
879966
879967
879968
879969
879970
879971
879972
879973
879974
879975
879976
879977
879978
879979
879980
879981
879982
879983
879984
879985
879986
879987
879988
879989
879990
879991
879992
879993
879994
879995
879996
879997
879998
879999
880000
880001
880002
880003
880004
880005
880006
880007
880008
880009
880010
880011
880012
880013
880014
880015
880016
880017
880410
880411
880412
880413
880414
880415
880416
880417
880418
880419
880420
880421
880422
880423
880424
880425
880426
880427
880428
880429
880430
880431
880432
880433
880434
880435
880436
880437
880438
880439
880440
880441
880442
880443
880444
880445
881850
881853
881856
881859
881862
881865
881868
881871
881874
881877
881880
881883
881851
881854
881857
881860
881863
881866
881869
881872
881875
881878
881881
881884
881852
881855
881858
881861
881864
881867
881870
881873
881876
881879
881882
881885
882681
882682
882683
882684
882685
882686
882687
882688
882689
882690
882691
882692
882693
882694
882695
882696
882697
882698
882699
882700
882701
882702
882703
882704
882705
882706
882707
882708
882709
882710
882711
882712
882713
882714
882715
882716
