6.147500000000000000e+05
6.249210000000000000e+05
6.251520000000000000e+05
6.252860000000000000e+05
6.257570000000000000e+05
6.266060000000000000e+05
6.267390000000000000e+05
6.273940000000000000e+05
6.276990000000000000e+05
6.286310000000000000e+05
6.289660000000000000e+05
6.315900000000000000e+05
6.318330000000000000e+05
6.328920000000000000e+05
6.331180000000000000e+05
6.332390000000000000e+05
6.332550000000000000e+05
6.336630000000000000e+05
6.346040000000000000e+05
6.349910000000000000e+05
6.350300000000000000e+05
6.353790000000000000e+05
6.353800000000000000e+05
6.589190000000000000e+05
6.591320000000000000e+05
6.592880000000000000e+05
6.592950000000000000e+05
6.593400000000000000e+05
6.593950000000000000e+05
6.594850000000000000e+05
6.595520000000000000e+05
6.597070000000000000e+05
6.597800000000000000e+05
6.601400000000000000e+05
6.602840000000000000e+05
6.602890000000000000e+05
6.602970000000000000e+05
6.603140000000000000e+05
6.603630000000000000e+05
6.606670000000000000e+05
6.608750000000000000e+05
6.610500000000000000e+05
6.611880000000000000e+05
6.614470000000000000e+05
6.615690000000000000e+05
6.615750000000000000e+05
6.616020000000000000e+05
6.616180000000000000e+05
6.618330000000000000e+05
6.621070000000000000e+05
6.623090000000000000e+05
6.623380000000000000e+05
6.624640000000000000e+05
6.624900000000000000e+05
6.633210000000000000e+05
6.634420000000000000e+05
6.634870000000000000e+05
6.637350000000000000e+05
6.649270000000000000e+05
6.655730000000000000e+05
6.656370000000000000e+05
6.657290000000000000e+05
6.657810000000000000e+05
6.659130000000000000e+05
6.659400000000000000e+05
6.661760000000000000e+05
6.661860000000000000e+05
6.662330000000000000e+05
6.665640000000000000e+05
6.669140000000000000e+05
6.671300000000000000e+05
6.675250000000000000e+05
6.677520000000000000e+05
6.677640000000000000e+05
6.684420000000000000e+05
6.689320000000000000e+05
6.691950000000000000e+05
6.692910000000000000e+05
6.698910000000000000e+05
6.698930000000000000e+05
6.699720000000000000e+05
6.700160000000000000e+05
6.701780000000000000e+05
6.711110000000000000e+05
6.719970000000000000e+05
6.721090000000000000e+05
6.726690000000000000e+05
6.733950000000000000e+05
6.734520000000000000e+05
6.736130000000000000e+05
6.738100000000000000e+05
6.738880000000000000e+05
6.739710000000000000e+05
6.899680000000000000e+05
6.907670000000000000e+05
6.928620000000000000e+05
6.951740000000000000e+05
6.960150000000000000e+05
