635779
665115
629397
633321
634803
634808
664936
630009
670399
670648
671111
661988
659514
624839
629809
624833
624832
624837
666456
690565
624088
628861
662540
663490
661891
631220
666672
625827
625828
665322
665324
632281
670987
660118
626628
627992
627995
628277
627237
624075
624074
660644
660648
625161
631383
631387
635868
666733
666883
666914
623787
674308
665288
659762
659767
630717
691847
627032
693561
669263
624544
693463
634881
623902
623901
666150
625082
625330
625334
665714
631648
631642
632592
673467
673462
673468
659041
630524
630525
660098
660032
693244
629537
627591
663412
659902
694978
690266
632492
691138
635126
635125
629292
624668
629298
624664
630320
630321
630327
630328
635946
630814
669031
674732
632417
669693
668344
669968
669965
662996
671654
630153
629805
629507
667694
661229
690408
627413
627419
660173
695127
624253
624252
624257
631307
631305
635689
632656
634485
634484
690789
625707
625702
660957
665203
665202
633218
668895
631849
625403
626705
668139
668132
659288
658736
658734
658732
692103
693857
628043
623980
661413
663308
663301
625007
660459
662165
634729
667109
672936
668442
668445
694347
627662
669188
626139
628662
628668
659360
693958
661188
626950
626956
675552
660270
689867
689863
667724
661605
661602
661601
661600
663118
630891
672367
631768
631767
632490
632498
635448
624143
632235
632231
630403
658979
629473
627492
627496
667446
667444
628781
662082
691279
627966
628502
670824
627770
634217
665001
633884
673665
659463
614796
614791
630235
691892
660723
659875
662479
628578
628579
625995
670578
665127
634836
669108
632523
672704
672703
670633
624590
624591
624599
692028
628168
627389
626685
626470
665693
667028
631271
635196
635195
635193
634571
634576
635221
635225
635226
635227
671383
631727
630487
625928
672125
666235
669317
675360
626678
668049
691580
629151
629150
663832
628280
660331
665866
665864
627260
662761
625135
625134
625130
634430
634438
634439
624772
669888
633807
675159
673973
673971
630725
630723
630721
631895
631892
631891
627906
627064
627061
693556
695242
690397
690390
627842
624572
689461
668918
668919
668912
666186
665763
672788
672782
658363
658364
659547
659546
629877
629870
693298
693744
635011
626219
694908
690213
690214
625898
625899
660821
635119
665372
665951
664026
670951
630374
630377
666373
673216
631132
632443
670178
669931
694637
658531
658533
624921
624920
628970
661258
626537
626539
629759
635835
624263
631333
631330
631485
624483
635305
635302
670779
674468
665233
664186
692588
672042
624717
624714
632892
626739
666836
666832
668293
628018
628010
623954
663686
674937
625381
634772
664419
669762
674166
668414
668416
631998
631999
691910
663442
667533
690747
692678
628635
628631
626293
693985
624630
625871
660206
661637
661635
663167
630842
630845
630848
665640
625228
670240
632996
668330
668331
635415
673575
668595
671629
635205
630433
627199
627191
626826
626828
658908
660695
660694
626310
625757
625758
660902
623754
633555
635380
624401
668860
629607
630142
630143
634247
669296
669291
629314
629310
671623
667219
659780
675783
614764
614769
628555
628557
667920
661447
661449
627760
695292
625603
667158
634088
692216
666408
635026
631912
671997
671994
631004
668752
691475
624852
660289
660282
660284
660287
695883
663255
692821
631244
632915
625846
634541
635497
635496
635499
635498
673069
674045
668511
673804
629425
660380
626647
626398
628485
629166
660984
660363
627250
661575
661571
673395
666034
674620
674629
672279
665077
625490
631453
635518
635516
624720
666868
666867
658475
674367
674365
659707
630904
634124
658867
658862
627094
626056
695217
628528
690362
625655
627871
635759
635753
689412
633345
635654
675160
661050
672754
670667
661059
624477
630544
630540
630548
667809
627536
627531
629594
629591
693776
667056
667059
662693
664594
628314
628315
625591
660875
665343
635272
672175
673888
630381
624708
658545
689666
628257
628253
629815
662884
661284
626568
626565
626563
660621
660627
662711
669571
631360
635849
634468
635593
666718
666717
667787
635332
670781
674499
671788
633274
631825
625417
669249
669242
626764
626761
626763
659261
629336
629334
629331
629330
690878
623924
623925
623929
666176
663677
663678
629296
664469
624003
669739
666901
674135
629513
667507
694958
690244
626266
626269
661833
625831
624640
661161
633420
633421
635963
635964
635969
630307
674717
665311
635421
673522
673529
671670
635949
635943
659634
635451
632487
661205
626874
626870
660150
693430
629725
629721
692452
634178
670700
633586
633584
665260
632185
632187
671072
669038
664136
634911
627769
673340
668116
658758
658754
659406
659405
629912
629918
692952
625021
625026
695732
663584
667297
667294
625684
625680
624513
624374
667127
624082
666988
633956
632399
670516
665182
614809
614808
628641
628642
659308
692623
693024
693029
689846
663282
674829
660537
662662
662667
631290
631741
658943
623478
672896
659146
659141
629460
673854
690930
689656
663725
627168
627161
627163
627167
629414
663735
626347
695183
662065
635629
627901
627907
663895
663890
660355
634991
634992
661054
668838
665742
665741
674619
634230
674613
625199
672517
631465
635540
668199
624718
658425
659486
659485
630254
629997
627977
627731
660741
660744
659816
629602
629608
661905
692792
692241
692246
625604
635782
665101
629383
629381
634814
630014
635680
670656
668781
658658
659381
626163
674436
659527
659523
659529
628141
662747
624824
624826
628851
693725
693721
629030
629035
625839
632293
635244
660840
672109
631154
631158
629241
669333
629247
626615
626614
626619
628721
628727
695679
627984
661085
624987
624985
628265
667661
627206
668662
660677
625114
625113
631390
672598
672596
635896
635895
669533
624791
632150
633825
665290
659778
636706
673952
630709
626796
626798
659897
662231
635706
689442
629308
629302
624552
690828
690822
634899
634895
634897
664943
628305
631589
633989
631639
668253
631634
632585
663155
674105
630519
630513
627585
626233
667559
628699
625524
664042
664049
672185
666300
634300
634301
634307
632465
668353
669915
669913
671641
627289
627288
690411
628953
628959
627428
660180
693448
635813
664660
666742
670755
635366
665216
631721
633204
668881
672060
635701
631874
671872
626715
626713
624554
629307
658723
658728
693847
693841
628037
628033
628030
634047
667192
631506
625900
625907
625908
673729
632367
632360
632363
674184
659031
659037
671291
630590
693233
627674
659997
626105
626100
692615
634725
691146
691148
629229
629223
663968
663966
626923
664944
627337
661618
671947
625208
672682
632979
631776
664576
624157
669628
669996
630418
626808
626804
626805
658965
629444
667450
667452
625776
635672
661076
671003
633285
631636
668806
670837
674644
634268
625439
670016
670012
670013
673452
673454
658418
659452
614787
614780
667941
667947
658883
658887
627742
627747
660733
659861
659869
662466
662464
662469
662288
625633
623672
625980
625983
625984
625985
665155
635001
633092
664281
665573
634841
625154
635642
669138
669136
635852
691417
658606
692037
635580
628176
664625
624870
667752
667757
626466
626464
662581
663188
662635
695040
625287
625286
667036
625862
635324
666631
632793
635323
634566
672847
668579
633118
671396
690644
690643
626667
628711
628717
694889
628719
691597
629149
689609
663847
663845
626180
630131
660304
667656
627274
627279
666018
673639
671804
625120
631431
624294
673613
673617
669893
628696
628695
630280
631887
691809
658801
628507
628506
628508
690383
691389
624507
624505
635088
635083
664208
633360
668924
664979
663611
671932
689760
625376
672776
673795
671484
673422
658684
658682
659082
659083
629846
692883
627557
691616
693282
693283
694069
659944
626204
626200
626209
629067
662509
690225
692577
692572
628336
628337
625571
633442
633440
635296
635290
635292
633191
665940
665948
664010
665611
630366
630364
665304
669923
660382
660385
690446
690441
661266
660606
665546
629742
632693
632698
635313
635314
670763
633871
674471
668638
633255
673905
630752
629311
629313
629312
632860
690071
690072
628584
691305
693818
665422
667994
666117
694406
625049
625046
672441
662126
634760
624020
670351
671402
632084
632083
669757
633930
675408
675403
691929
627624
627623
663455
667525
667526
667527
628620
626285
626280
626603
695593
626604
624626
635161
635165
626911
660233
662134
630851
674775
625231
625237
625235
632985
632981
631729
635402
635407
671617
630440
635452
629122
629123
627185
626324
663795
663799
634114
634116
628471
625747
660916
632610
635643
665244
635390
635397
671058
664804
630137
666538
634257
672577
670049
670043
614750
614754
692973
692979
689980
693595
660497
660491
624316
624317
666433
631575
625953
625959
670539
674223
631962
614828
614827
691462
635369
658634
658631
693910
660960
628126
689823
627346
667763
667764
694361
660519
672329
624101
673586
631413
664698
673874
693321
693327
624766
627106
663716
691230
691233
691237
629198
624478
663875
660999
660995
660378
665829
662834
661569
666021
674634
665045
631446
675074
635566
669591
669809
658871
660761
627713
627716
626047
626049
667230
661967
635765
624537
624535
624530
664252
664250
633350
664927
664929
630924
632561
672748
660144
659505
629839
629836
694056
627699
660048
663222
629580
660594
663486
661881
662687
667065
624183
634608
634604
634607
632762
627054
660869
625859
626632
626635
668000
629112
629115
628240
625246
625244
626573
673157
664399
666725
666722
666890
632131
632134
627281
673937
627832
630184
689362
627792
669253
669257
662255
659210
692197
692190
629320
629326
662490
661737
661736
671968
671966
670057
662114
665729
662118
631652
670363
673473
673476
673479
666918
670583
675454
659056
625012
630680
665781
662170
627619
627616
627611
663403
626253
667572
694946
695096
628364
625500
625502
691123
629283
629282
663981
671347
633418
661704
665913
665916
635974
669021
630800
625263
672669
672663
672666
668379
669972
659623
659624
630478
661214
626863
660167
695115
660140
629718
664647
628446
628447
635697
625719
665277
674391
635347
635346
631628
634903
672002
630108
668120
668122
658371
659295
662786
628050
628464
661400
663310
665412
674979
625030
660465
634739
625692
624340
625967
625964
666444
631529
674217
668459
660927
631955
669198
669195
669192
626128
628677
668714
668715
659318
693949
661191
626942
665993
667739
627312
658677
661671
662653
631751
634501
632481
632480
632220
690765
690767
658948
693355
627155
627150
626683
627489
627488
667384
626352
695190
695192
635612
627975
661017
628893
633515
659922
664140
662840
662846
666564
666568
625189
634206
672508
635555
635553
673677
673676
671747
658434
658435
628680
659476
630222
667969
627723
628353
629610
693677
694788
690096
662440
661938
660081
626477
635796
635799
664264
634821
634824
628634
630020
632734
631044
670621
658661
659395
629488
692013
628150
624819
627394
627398
690500
661365
694086
692862
694332
626449
663219
693736
667012
667017
666650
666655
666657
672862
664602
669325
626606
690190
629128
661098
624998
628294
628299
667675
661535
666074
660667
660660
625107
634427
634426
633816
673966
658825
629691
663578
626015
695251
635714
635716
635710
635712
635713
630970
665774
625318
675124
631592
631590
631599
673054
689968
631623
668247
633663
673442
630509
671262
667843
667845
690584
690585
660014
691678
627577
667548
662522
675365
692510
625557
662386
661128
635924
635923
662107
672616
672617
658500
692357
628213
628210
624910
669891
628966
627296
627298
658992
627432
626524
660199
627292
629766
629769
631321
635379
635370
635371
633239
694802
634954
632885
626520
626729
675423
658712
629379
629953
628020
628025
628027
627950
663323
663321
661784
694424
660782
625067
625064
625060
665445
625393
664429
666492
666491
666490
673737
669771
633002
630670
631983
614840
627646
694998
690283
662309
659340
629238
626931
627321
661626
663171
665224
665223
625215
670279
672695
672697
632968
668329
635463
668587
669980
674034
664681
630429
630165
630167
630161
626830
693388
658919
629453
626308
626307
626300
663774
663772
690128
692410
634133
634136
661045
633549
664174
668879
670842
670841
666552
666550
625401
672558
675017
675012
658798
658792
692160
659441
614773
614776
630212
658893
627775
659850
659852
625119
629647
629643
663487
623873
662412
664714
667717
635030
665145
633080
671209
672955
669206
692545
671984
671981
632105
631231
631230
631235
675222
658610
689791
689795
660297
675547
663246
626413
626412
626411
626410
662599
662593
625296
625290
631259
625878
627068
666622
627062
635206
632258
664084
673810
673815
624118
693302
627127
626653
662024
628498
691210
629175
660314
665848
627245
627249
673388
665066
625481
635501
624756
658469
630298
630297
658816
658817
627081
627080
627084
626026
626025
689380
663540
628511
690373
690375
625642
691394
693880
627863
624518
664230
664235
668932
666219
674998
630947
631097
665747
665748
690976
633636
674278
694076
662148
692896
689888
627541
691609
695037
629077
629071
629072
629078
662513
628308
625567
635285
635914
630396
666233
665637
668390
668026
662735
628222
693100
624949
624948
628915
628918
690454
626513
660638
695174
625152
634181
635855
673130
664621
624203
666707
632112
632111
635326
674486
633860
668620
668624
669647
631833
627915
627008
669232
669235
626750
690040
628592
624466
692750
693801
629347
666162
661751
674913
625054
660407
631678
670348
632096
632097
673498
673495
673496
659075
659079
675436
627639
666159
627632
629567
629564
667516
626275
635488
662338
661824
630576
634478
624657
635177
633432
633435
660229
630313
630317
674892
624689
631194
674765
669512
672390
631730
632426
633775
673511
673512
671601
632137
630457
695917
627465
658928
693406
629482
663780
629738
667498
690171
692444
634104
625731
692669
632193
671049
671042
671045
634922
671839
671832
624609
629237
675022
669851
658764
628071
628075
614741
667905
661421
626934
661428
663378
665438
629670
629679
695722
667285
667130
666427
635044
632010
625943
625949
665196
665194
630625
631970
631023
626142
668733
659332
628133
689834
628380
666396
694350
694352
626428
634529
673040
670481
632241
632245
671688
659132
659683
673864
626737
690901
672345
629409
628758
691226
691224
627917
661036
661031
689574
689579
673219
663067
631479
671722
658452
658454
630799
630798
630242
658849
658844
627703
626074
634020
628548
625673
625679
