6.147500000000000000e+05
6.147640000000000000e+05
6.147870000000000000e+05
6.148400000000000000e+05
6.239020000000000000e+05
6.241430000000000000e+05
6.243740000000000000e+05
6.244770000000000000e+05
6.246090000000000000e+05
6.246640000000000000e+05
6.246690000000000000e+05
6.246900000000000000e+05
6.247200000000000000e+05
6.248330000000000000e+05
6.249210000000000000e+05
6.249270000000000000e+05
6.250210000000000000e+05
6.250580000000000000e+05
6.250690000000000000e+05
6.250700000000000000e+05
6.251200000000000000e+05
6.251520000000000000e+05
6.252280000000000000e+05
6.252640000000000000e+05
6.252730000000000000e+05
6.252860000000000000e+05
6.254170000000000000e+05
6.254580000000000000e+05
6.255020000000000000e+05
6.256790000000000000e+05
6.257070000000000000e+05
6.257570000000000000e+05
6.257580000000000000e+05
6.257760000000000000e+05
6.260250000000000000e+05
6.261050000000000000e+05
6.261420000000000000e+05
6.264660000000000000e+05
6.264720000000000000e+05
6.265650000000000000e+05
6.266060000000000000e+05
6.266670000000000000e+05
6.267170000000000000e+05
6.267180000000000000e+05
6.267220000000000000e+05
6.267390000000000000e+05
6.267510000000000000e+05
6.267630000000000000e+05
6.269850000000000000e+05
6.270540000000000000e+05
6.271270000000000000e+05
6.273940000000000000e+05
6.276990000000000000e+05
6.278840000000000000e+05
6.280200000000000000e+05
6.285540000000000000e+05
6.286310000000000000e+05
6.286960000000000000e+05
6.287190000000000000e+05
6.288570000000000000e+05
6.289660000000000000e+05
6.289700000000000000e+05
6.289810000000000000e+05
6.291750000000000000e+05
6.292290000000000000e+05
6.295370000000000000e+05
6.295670000000000000e+05
6.295910000000000000e+05
6.297180000000000000e+05
6.297690000000000000e+05
6.298090000000000000e+05
6.299160000000000000e+05
6.300100000000000000e+05
6.301650000000000000e+05
6.305250000000000000e+05
6.306030000000000000e+05
6.306950000000000000e+05
6.307520000000000000e+05
6.311320000000000000e+05
6.312350000000000000e+05
6.312480000000000000e+05
6.312490000000000000e+05
6.315900000000000000e+05
6.316340000000000000e+05
6.317300000000000000e+05
6.317470000000000000e+05
6.318250000000000000e+05
6.318330000000000000e+05
6.318870000000000000e+05
6.319980000000000000e+05
6.320220000000000000e+05
6.321120000000000000e+05
6.325230000000000000e+05
6.327620000000000000e+05
6.328920000000000000e+05
6.331180000000000000e+05
6.332390000000000000e+05
6.332550000000000000e+05
6.333210000000000000e+05
6.335490000000000000e+05
6.335550000000000000e+05
6.336630000000000000e+05
6.338250000000000000e+05
6.338840000000000000e+05
6.339560000000000000e+05
6.340470000000000000e+05
6.342060000000000000e+05
6.343000000000000000e+05
6.344260000000000000e+05
6.346040000000000000e+05
6.348140000000000000e+05
6.348330000000000000e+05
6.348410000000000000e+05
6.348700000000000000e+05
6.348710000000000000e+05
6.348740000000000000e+05
6.348750000000000000e+05
6.348760000000000000e+05
6.348810000000000000e+05
6.349910000000000000e+05
6.350300000000000000e+05
6.350830000000000000e+05
6.351440000000000000e+05
6.351630000000000000e+05
6.351680000000000000e+05
6.351730000000000000e+05
6.351950000000000000e+05
6.352920000000000000e+05
6.353050000000000000e+05
6.353790000000000000e+05
6.353800000000000000e+05
6.355010000000000000e+05
6.355550000000000000e+05
6.356890000000000000e+05
6.357590000000000000e+05
6.358490000000000000e+05
6.359460000000000000e+05
6.367060000000000000e+05
6.586080000000000000e+05
6.586150000000000000e+05
6.586200000000000000e+05
6.586320000000000000e+05
6.586410000000000000e+05
6.586460000000000000e+05
6.586480000000000000e+05
6.587230000000000000e+05
6.589190000000000000e+05
6.589430000000000000e+05
6.591320000000000000e+05
6.592880000000000000e+05
6.592950000000000000e+05
6.593320000000000000e+05
6.593400000000000000e+05
6.593650000000000000e+05
6.593950000000000000e+05
6.594520000000000000e+05
6.594850000000000000e+05
6.595230000000000000e+05
6.595520000000000000e+05
6.597070000000000000e+05
6.597800000000000000e+05
6.598010000000000000e+05
6.598090000000000000e+05
6.598160000000000000e+05
6.598500000000000000e+05
6.601400000000000000e+05
6.602780000000000000e+05
6.602840000000000000e+05
6.602890000000000000e+05
6.602970000000000000e+05
6.603140000000000000e+05
6.603550000000000000e+05
6.603630000000000000e+05
6.603980000000000000e+05
6.604320000000000000e+05
6.606670000000000000e+05
6.608750000000000000e+05
6.608830000000000000e+05
6.609690000000000000e+05
6.610500000000000000e+05
6.610850000000000000e+05
6.611880000000000000e+05
6.614000000000000000e+05
6.614470000000000000e+05
6.615380000000000000e+05
6.615690000000000000e+05
6.615750000000000000e+05
6.616020000000000000e+05
6.616180000000000000e+05
6.616260000000000000e+05
6.616350000000000000e+05
6.616890000000000000e+05
6.616980000000000000e+05
6.617980000000000000e+05
6.618330000000000000e+05
6.618640000000000000e+05
6.621070000000000000e+05
6.621260000000000000e+05
6.623090000000000000e+05
6.623380000000000000e+05
6.624640000000000000e+05
6.624900000000000000e+05
6.625220000000000000e+05
6.625810000000000000e+05
6.626620000000000000e+05
6.628340000000000000e+05
6.631880000000000000e+05
6.632190000000000000e+05
6.633210000000000000e+05
6.634420000000000000e+05
6.634870000000000000e+05
6.637350000000000000e+05
6.640520000000000000e+05
6.649270000000000000e+05
6.649310000000000000e+05
6.649360000000000000e+05
6.650660000000000000e+05
6.651450000000000000e+05
6.653110000000000000e+05
6.654220000000000000e+05
6.654540000000000000e+05
6.655730000000000000e+05
6.656370000000000000e+05
6.657290000000000000e+05
6.657810000000000000e+05
6.658510000000000000e+05
6.659130000000000000e+05
6.659370000000000000e+05
6.659400000000000000e+05
6.659960000000000000e+05
6.660240000000000000e+05
6.660610000000000000e+05
6.661330000000000000e+05
6.661550000000000000e+05
6.661590000000000000e+05
6.661760000000000000e+05
6.661860000000000000e+05
6.662330000000000000e+05
6.662390000000000000e+05
6.664330000000000000e+05
6.664440000000000000e+05
6.664820000000000000e+05
6.665640000000000000e+05
6.668320000000000000e+05
6.669140000000000000e+05
6.670590000000000000e+05
6.671300000000000000e+05
6.672520000000000000e+05
6.674440000000000000e+05
6.675250000000000000e+05
6.677170000000000000e+05
6.677520000000000000e+05
6.677640000000000000e+05
6.679090000000000000e+05
6.679410000000000000e+05
6.681220000000000000e+05
6.683300000000000000e+05
6.684420000000000000e+05
6.688790000000000000e+05
6.689320000000000000e+05
6.691380000000000000e+05
6.691950000000000000e+05
6.692910000000000000e+05
6.696880000000000000e+05
6.696930000000000000e+05
6.698910000000000000e+05
6.698930000000000000e+05
6.699130000000000000e+05
6.699720000000000000e+05
6.700160000000000000e+05
6.701780000000000000e+05
6.711110000000000000e+05
6.713830000000000000e+05
6.716170000000000000e+05
6.716630000000000000e+05
6.719970000000000000e+05
6.721090000000000000e+05
6.725980000000000000e+05
6.726230000000000000e+05
6.726690000000000000e+05
6.727910000000000000e+05
6.727970000000000000e+05
6.728890000000000000e+05
6.729620000000000000e+05
6.732160000000000000e+05
6.733950000000000000e+05
6.734520000000000000e+05
6.736130000000000000e+05
6.738100000000000000e+05
6.738880000000000000e+05
6.739710000000000000e+05
6.741760000000000000e+05
6.742230000000000000e+05
6.743160000000000000e+05
6.743170000000000000e+05
6.746190000000000000e+05
6.747070000000000000e+05
6.749760000000000000e+05
6.749810000000000000e+05
6.753690000000000000e+05
6.753710000000000000e+05
6.753730000000000000e+05
6.753740000000000000e+05
6.753760000000000000e+05
6.753780000000000000e+05
6.753820000000000000e+05
6.753870000000000000e+05
6.755030000000000000e+05
6.755040000000000000e+05
6.755050000000000000e+05
6.755060000000000000e+05
6.755070000000000000e+05
6.755080000000000000e+05
6.755090000000000000e+05
6.755110000000000000e+05
6.755130000000000000e+05
6.755140000000000000e+05
6.755150000000000000e+05
6.755160000000000000e+05
6.755170000000000000e+05
6.755180000000000000e+05
6.755200000000000000e+05
6.755210000000000000e+05
6.755220000000000000e+05
6.755230000000000000e+05
6.755250000000000000e+05
6.755270000000000000e+05
6.755280000000000000e+05
6.755290000000000000e+05
6.755310000000000000e+05
6.755340000000000000e+05
6.755360000000000000e+05
6.755370000000000000e+05
6.755380000000000000e+05
6.755620000000000000e+05
6.755640000000000000e+05
6.755650000000000000e+05
6.755660000000000000e+05
6.755670000000000000e+05
6.755680000000000000e+05
6.755690000000000000e+05
6.755730000000000000e+05
6.755740000000000000e+05
6.755750000000000000e+05
6.755760000000000000e+05
6.755770000000000000e+05
6.755790000000000000e+05
6.755830000000000000e+05
6.755890000000000000e+05
6.755910000000000000e+05
6.756020000000000000e+05
6.756040000000000000e+05
6.756080000000000000e+05
6.756110000000000000e+05
6.756130000000000000e+05
6.756140000000000000e+05
6.756220000000000000e+05
6.756230000000000000e+05
6.756270000000000000e+05
6.756340000000000000e+05
6.756400000000000000e+05
6.756430000000000000e+05
6.756570000000000000e+05
6.756620000000000000e+05
6.756630000000000000e+05
6.756640000000000000e+05
6.756660000000000000e+05
6.756670000000000000e+05
6.756690000000000000e+05
6.756720000000000000e+05
6.756800000000000000e+05
6.756810000000000000e+05
6.756820000000000000e+05
6.756830000000000000e+05
6.756840000000000000e+05
6.756870000000000000e+05
6.756930000000000000e+05
6.756950000000000000e+05
6.756960000000000000e+05
6.756990000000000000e+05
6.757010000000000000e+05
6.757030000000000000e+05
6.757060000000000000e+05
6.757130000000000000e+05
6.757180000000000000e+05
6.757190000000000000e+05
6.757230000000000000e+05
6.757240000000000000e+05
6.757250000000000000e+05
6.757260000000000000e+05
6.757280000000000000e+05
6.757340000000000000e+05
6.757380000000000000e+05
6.757420000000000000e+05
6.757460000000000000e+05
6.757470000000000000e+05
6.757480000000000000e+05
6.757520000000000000e+05
6.757550000000000000e+05
6.757560000000000000e+05
6.757570000000000000e+05
6.757580000000000000e+05
6.757610000000000000e+05
6.757640000000000000e+05
6.757650000000000000e+05
6.757680000000000000e+05
6.757690000000000000e+05
6.757700000000000000e+05
6.757710000000000000e+05
6.757720000000000000e+05
6.757750000000000000e+05
6.757760000000000000e+05
6.757770000000000000e+05
6.757780000000000000e+05
6.757800000000000000e+05
6.897630000000000000e+05
6.899680000000000000e+05
6.904460000000000000e+05
6.907670000000000000e+05
6.907890000000000000e+05
6.914620000000000000e+05
6.928620000000000000e+05
6.951740000000000000e+05
6.960150000000000000e+05
